c-diag
			32					64						128			
			crc32	md5_32	md5_64	md5	sha256	crc32	md5_16	md5_32	md5_64	md5	sha256	crc32	md5_16	md5_32	md5_64	md5
	fail	0-xxsmall	8	0	0	0	0	3	9	0	0	0	1	1	12	0	0	1
		1-xsmall	8	0	0	0	0	3	40	0	0	0	0	1	46	0	0	0
		2-small	11	0	0	0	0	7	117	0	0	0	0	6	117	0	0	0
		3-medium	11	0	0	0	0	7	150	0	0	0	0	6	158	1	0	0
		4-large	11	1	0	0	0	7	150	1	0	0	0	7	158	2	0	0
		5-xlarge	18	6	0	0	0	15	150	7	0	0	0	13	158	5	0	0
		6-xxlarge	32	26	0	0	0	30	150	26	0	0	0	32	158	22	0	0

c-repair
			32					64						128			
			crc32	md5_32	md5_64	md5	sha256	crc32	md5_16	md5_32	md5_64	md5	sha256	crc32	md5_16	md5_32	md5_64	md5
	fail	6-xxlarge	16	16	32	37	46	21	0	23	36	45	54	25	0	29	45	55
		5-xlarge	29	34	41	47	52	36	0	41	46	51	62	42	0	46	51	64
		4-large	43	45	48	57	64	47	0	50	55	64	72	54	0	57	63	74
		3-medium	55	56	59	66	71	58	0	62	64	70	75	63	0	67	70	78
		2-small	64	65	67	75	80	67	20	71	73	79	82	71	22	76	78	84
		1-xsmall	72	72	75	83	84	77	61	79	80	84	84	82	63	84	83	87
		0-xxsmall	81	82	81	86	87	82	85	84	84	86	87	85	85	87	85	89

c-restore
			32					64						128			
			crc32	md5_32	md5_64	md5	sha256	crc32	md5_16	md5_32	md5_64	md5	sha256	crc32	md5_16	md5_32	md5_64	md5
	fail	0-xxsmall	0	0	0	0	0	0	0	0	0	0	1	0	0	0	0	1
		1-xsmall	0	0	0	0	0	0	4	0	0	0	0	0	4	0	0	0
		2-small	2	0	0	0	0	3	27	0	0	0	0	3	33	0	0	0
		3-medium	2	0	0	0	0	3	72	0	0	0	0	4	77	0	0	0
		4-large	4	0	0	0	0	4	73	0	0	0	0	4	77	0	0	0
		5-xlarge	7	0	0	0	0	6	73	0	0	0	0	5	77	0	0	0
		6-xxlarge	18	3	0	0	0	12	73	0	0	0	0	10	77	8	0	0

p-repair
			32					64						128			
			crc32	md5_32	md5_64	md5	sha256	crc32	md5_16	md5_32	md5_64	md5	sha256	crc32	md5_16	md5_32	md5_64	md5
	time	0-xxsmall	0	0	0	0	1	0	0	0	0	0	1	0	0	0	0	0
		1-xsmall	2	2	2	1	3	1	1	2	2	2	5	1	2	2	2	2
		2-small	6	6	7	6	14	6	4	6	7	7	19	7	5	7	9	9
		3-medium	25	29	31	26	41	26	7	30	33	21	62	30	8	32	27	28
		4-large	114	128	143	123	145	125	8	139	154	74	111	141	9	149	94	53
		5-xlarge	500	565	655	571	1050	566	8	651	721	563	792	646	9	675	828	380
		6-xxlarge	1856	2119	2910	2675	3857	2325	7	2734	3266	2172	2954	2692	8	2991	2659	1463

p-restore
			32					64						128			
			crc32	md5_32	md5_64	md5	sha256	crc32	md5_16	md5_32	md5_64	md5	sha256	crc32	md5_16	md5_32	md5_64	md5
	time	0-xxsmall	0	0	0	0	1	0	0	0	0	1	2	0	0	0	1	1
		1-xsmall	1	1	1	1	1	1	1	1	1	1	3	1	1	1	1	2
		2-small	1	1	2	2	3	2	1	2	2	2	7	2	1	2	2	4
		3-medium	2	2	3	4	9	3	2	3	5	6	21	5	2	5	7	13
		4-large	2	3	5	11	25	5	4	6	13	18	77	12	5	13	20	48
		5-xlarge	2	3	16	29	49	15	4	15	33	35	240	19	15	32	39	155
		6-xxlarge	4	3	24	86	131	26	4	22	93	96	629	92	63	32	105	406

