experiment	bfrepair	bfrestore	timestamp	datafile	cdn	cdl	ccdn	ccdl	cbn	cbl	ccbn	ccbl	redundancy	method	timerepair	fw	ccw	cok	cambi	cambi%	cfail	cfail%	ctotal	timerestore	fm	rcw	rok	rambi	rambi%	rfail	rfail%	rtotal	dtouched	dincorrect	dproblems
0-xxsmall	200	200	2013-04-29T09-07-01	zutphen.jpg	200	20	60	5	190	19	50	4	128	crc32	0	1	2	31	0	0	176	85	207	0	8	2	176	1	1	0	0	176	207	1	1
0-xxsmall	200	200	2013-04-29T09-07-01	zutphen.jpg	200	20	60	5	190	19	50	4	128	md5	0	1	8	19	0	0	155	89	174	1	6	8	154	0	0	1	1	155	174	1	1
0-xxsmall	200	200	2013-04-29T09-07-01	zutphen.jpg	200	20	60	5	190	19	50	4	128	md5_16	0	1	1	31	1	0	175	85	206	0	9	1	176	0	0	0	0	176	206	12	12
0-xxsmall	200	200	2013-04-29T09-07-01	zutphen.jpg	200	20	60	5	190	19	50	4	128	md5_32	0	1	2	25	0	0	174	87	199	0	8	2	174	0	0	0	0	174	199	0	0
0-xxsmall	200	200	2013-04-29T09-07-01	zutphen.jpg	200	20	60	5	190	19	50	4	128	md5_64	0	1	4	30	0	0	167	85	197	1	7	4	167	0	0	0	0	167	197	0	0
0-xxsmall	200	200	2013-04-29T09-07-01	zutphen.jpg	200	20	60	5	190	19	50	4	32	crc32	0	1	2	40	0	0	176	81	216	0	10	2	176	7	4	0	0	176	216	8	8
0-xxsmall	200	200	2013-04-29T09-07-01	zutphen.jpg	200	20	60	5	190	19	50	4	32	md5	0	1	8	27	0	0	171	86	198	0	8	8	171	0	0	0	0	171	198	0	0
0-xxsmall	200	200	2013-04-29T09-07-01	zutphen.jpg	200	20	60	5	190	19	50	4	32	md5_32	0	1	2	40	0	0	177	82	217	0	10	2	177	0	0	0	0	177	217	0	0
0-xxsmall	200	200	2013-04-29T09-07-01	zutphen.jpg	200	20	60	5	190	19	50	4	32	md5_64	0	1	4	40	0	0	172	81	212	0	9	4	172	0	0	0	0	172	212	0	0
0-xxsmall	200	200	2013-04-29T09-07-01	zutphen.jpg	200	20	60	5	190	19	50	4	32	sha256	1	1	16	26	0	0	167	87	193	1	7	16	167	0	0	0	0	167	193	0	0
0-xxsmall	200	200	2013-04-29T09-07-01	zutphen.jpg	200	20	60	5	190	19	50	4	64	crc32	0	1	2	38	0	0	176	82	214	0	9	2	176	3	2	0	0	176	214	3	3
0-xxsmall	200	200	2013-04-29T09-07-01	zutphen.jpg	200	20	60	5	190	19	50	4	64	md5	0	1	8	28	0	0	167	86	195	1	7	8	167	0	0	0	0	167	195	0	0
0-xxsmall	200	200	2013-04-29T09-07-01	zutphen.jpg	200	20	60	5	190	19	50	4	64	md5_16	0	1	1	31	1	0	176	85	207	0	10	1	177	0	0	0	0	177	207	9	9
0-xxsmall	200	200	2013-04-29T09-07-01	zutphen.jpg	200	20	60	5	190	19	50	4	64	md5_32	0	1	2	33	0	0	179	84	212	0	9	2	179	0	0	0	0	179	212	0	0
0-xxsmall	200	200	2013-04-29T09-07-01	zutphen.jpg	200	20	60	5	190	19	50	4	64	md5_64	0	1	4	33	0	0	171	84	204	0	8	4	171	0	0	0	0	171	204	0	0
0-xxsmall	200	200	2013-04-29T09-07-01	zutphen.jpg	200	20	60	5	190	19	50	4	64	sha256	1	1	16	24	0	0	155	87	179	2	6	16	154	0	0	1	1	155	179	1	1
1-xsmall	1000	1000	2013-04-18T20-47-49	zutphen.jpg	200	20	60	5	190	19	50	4	128	crc32	1	1	2	38	0	0	169	82	207	1	10	2	169	1	1	0	0	169	207	1	1
1-xsmall	1000	1000	2013-04-18T20-47-49	zutphen.jpg	200	20	60	5	190	19	50	4	128	md5	2	1	8	23	0	0	151	87	174	2	8	8	151	0	0	0	0	151	174	0	0
1-xsmall	1000	1000	2013-04-18T20-47-49	zutphen.jpg	200	20	60	5	190	19	50	4	128	md5_16	2	1	1	77	9	4	129	63	206	1	11	1	133	0	0	5	4	138	206	46	46
1-xsmall	1000	1000	2013-04-18T20-47-49	zutphen.jpg	200	20	60	5	190	19	50	4	128	md5_32	2	1	2	32	0	0	167	84	199	1	10	2	167	0	0	0	0	167	199	0	0
1-xsmall	1000	1000	2013-04-18T20-47-49	zutphen.jpg	200	20	60	5	190	19	50	4	128	md5_64	2	1	4	34	0	0	163	83	197	1	9	4	163	0	0	0	0	163	197	0	0
1-xsmall	1000	1000	2013-04-18T20-47-49	zutphen.jpg	200	20	60	5	190	19	50	4	32	crc32	2	3	2	60	0	0	156	72	216	1	12	2	156	7	4	0	0	156	216	8	8
1-xsmall	1000	1000	2013-04-18T20-47-49	zutphen.jpg	200	20	60	5	190	19	50	4	32	md5	1	1	8	34	0	0	164	83	198	1	10	8	164	0	0	0	0	164	198	0	0
1-xsmall	1000	1000	2013-04-18T20-47-49	zutphen.jpg	200	20	60	5	190	19	50	4	32	md5_32	2	3	2	60	0	0	157	72	217	1	12	2	157	0	0	0	0	157	217	0	0
1-xsmall	1000	1000	2013-04-18T20-47-49	zutphen.jpg	200	20	60	5	190	19	50	4	32	md5_64	2	1	4	52	0	0	160	75	212	1	11	4	160	0	0	0	0	160	212	0	0
1-xsmall	1000	1000	2013-04-18T20-47-49	zutphen.jpg	200	20	60	5	190	19	50	4	32	sha256	3	1	16	30	0	0	163	84	193	1	9	16	163	0	0	0	0	163	193	0	0
1-xsmall	1000	1000	2013-04-18T20-47-49	zutphen.jpg	200	20	60	5	190	19	50	4	64	crc32	1	1	2	50	0	0	164	77	214	1	11	2	164	3	2	0	0	164	214	3	3
1-xsmall	1000	1000	2013-04-18T20-47-49	zutphen.jpg	200	20	60	5	190	19	50	4	64	md5	2	1	8	32	0	0	163	84	195	1	9	8	163	0	0	0	0	163	195	0	0
1-xsmall	1000	1000	2013-04-18T20-47-49	zutphen.jpg	200	20	60	5	190	19	50	4	64	md5_16	1	3	1	81	14	7	126	61	207	1	12	1	134	0	0	6	4	140	207	40	40
1-xsmall	1000	1000	2013-04-18T20-47-49	zutphen.jpg	200	20	60	5	190	19	50	4	64	md5_32	2	1	2	45	0	0	167	79	212	1	11	2	167	0	0	0	0	167	212	0	0
1-xsmall	1000	1000	2013-04-18T20-47-49	zutphen.jpg	200	20	60	5	190	19	50	4	64	md5_64	2	1	4	40	0	0	164	80	204	1	10	4	164	0	0	0	0	164	204	0	0
1-xsmall	1000	1000	2013-04-18T20-47-49	zutphen.jpg	200	20	60	5	190	19	50	4	64	sha256	5	1	16	28	0	0	151	84	179	3	8	16	151	0	0	0	0	151	179	0	0
2-small	5000	5000	2013-04-18T20-47-49	zutphen.jpg	200	20	60	5	190	19	50	4	128	crc32	7	2	2	59	5	2	148	71	207	2	13	2	148	1	1	5	3	153	207	6	6
2-small	5000	5000	2013-04-18T20-47-49	zutphen.jpg	200	20	60	5	190	19	50	4	128	md5	9	1	8	27	0	0	147	84	174	4	11	8	147	0	0	0	0	147	174	0	0
2-small	5000	5000	2013-04-18T20-47-49	zutphen.jpg	200	20	60	5	190	19	50	4	128	md5_16	5	4	1	160	40	19	46	22	206	1	14	1	58	0	0	28	33	86	206	117	117
2-small	5000	5000	2013-04-18T20-47-49	zutphen.jpg	200	20	60	5	190	19	50	4	128	md5_32	7	2	2	48	0	0	151	76	199	2	13	2	151	0	0	0	0	151	199	0	0
2-small	5000	5000	2013-04-18T20-47-49	zutphen.jpg	200	20	60	5	190	19	50	4	128	md5_64	9	1	4	43	0	0	154	78	197	2	12	4	154	0	0	0	0	154	197	0	0
2-small	5000	5000	2013-04-18T20-47-49	zutphen.jpg	200	20	60	5	190	19	50	4	32	crc32	6	6	2	78	3	1	138	64	216	1	15	2	138	6	4	3	2	141	216	11	11
2-small	5000	5000	2013-04-18T20-47-49	zutphen.jpg	200	20	60	5	190	19	50	4	32	md5	6	2	8	50	0	0	148	75	198	2	13	8	148	0	0	0	0	148	198	0	0
2-small	5000	5000	2013-04-18T20-47-49	zutphen.jpg	200	20	60	5	190	19	50	4	32	md5_32	6	6	2	75	0	0	142	65	217	1	15	2	142	0	0	0	0	142	217	0	0
2-small	5000	5000	2013-04-18T20-47-49	zutphen.jpg	200	20	60	5	190	19	50	4	32	md5_64	7	4	4	69	0	0	143	67	212	2	14	4	143	0	0	0	0	143	212	0	0
2-small	5000	5000	2013-04-18T20-47-49	zutphen.jpg	200	20	60	5	190	19	50	4	32	sha256	14	1	16	39	0	0	154	80	193	3	12	16	154	0	0	0	0	154	193	0	0
2-small	5000	5000	2013-04-18T20-47-49	zutphen.jpg	200	20	60	5	190	19	50	4	64	crc32	6	4	2	71	4	2	143	67	214	2	14	2	143	3	2	4	3	147	214	7	7
2-small	5000	5000	2013-04-18T20-47-49	zutphen.jpg	200	20	60	5	190	19	50	4	64	md5	7	1	8	41	0	0	154	79	195	2	12	8	154	0	0	0	0	154	195	0	0
2-small	5000	5000	2013-04-18T20-47-49	zutphen.jpg	200	20	60	5	190	19	50	4	64	md5_16	4	6	1	166	29	14	41	20	207	1	15	1	51	0	0	19	27	70	207	117	117
2-small	5000	5000	2013-04-18T20-47-49	zutphen.jpg	200	20	60	5	190	19	50	4	64	md5_32	6	4	2	62	0	0	150	71	212	2	14	2	150	0	0	0	0	150	212	0	0
2-small	5000	5000	2013-04-18T20-47-49	zutphen.jpg	200	20	60	5	190	19	50	4	64	md5_64	7	2	4	56	0	0	148	73	204	2	13	4	148	0	0	0	0	148	204	0	0
2-small	5000	5000	2013-04-18T20-47-49	zutphen.jpg	200	20	60	5	190	19	50	4	64	sha256	19	1	16	32	0	0	147	82	179	7	11	16	147	0	0	0	0	147	179	0	0
3-medium	25000	25000	2013-04-18T20-47-49	zutphen.jpg	200	20	60	5	190	19	50	4	128	crc32	30	4	2	76	5	2	131	63	207	5	15	2	131	1	1	5	4	136	207	6	6
3-medium	25000	25000	2013-04-18T20-47-49	zutphen.jpg	200	20	60	5	190	19	50	4	128	md5	28	1	8	39	0	0	135	78	174	13	13	8	135	0	0	0	0	135	174	0	0
3-medium	25000	25000	2013-04-18T20-47-49	zutphen.jpg	200	20	60	5	190	19	50	4	128	md5_16	8	6	1	206	69	33	0	0	206	2	16	1	16	0	0	53	77	69	206	158	158
3-medium	25000	25000	2013-04-18T20-47-49	zutphen.jpg	200	20	60	5	190	19	50	4	128	md5_32	32	4	2	66	0	0	133	67	199	5	15	2	133	0	0	0	0	133	199	1	1
3-medium	25000	25000	2013-04-18T20-47-49	zutphen.jpg	200	20	60	5	190	19	50	4	128	md5_64	27	2	4	60	0	0	137	70	197	7	14	4	137	0	0	0	0	137	197	0	0
3-medium	25000	25000	2013-04-18T20-47-49	zutphen.jpg	200	20	60	5	190	19	50	4	32	crc32	25	8	2	98	3	1	118	55	216	2	17	2	118	6	5	3	2	121	216	11	11
3-medium	25000	25000	2013-04-18T20-47-49	zutphen.jpg	200	20	60	5	190	19	50	4	32	md5	26	4	8	67	0	0	131	66	198	4	15	8	131	0	0	0	0	131	198	0	0
3-medium	25000	25000	2013-04-18T20-47-49	zutphen.jpg	200	20	60	5	190	19	50	4	32	md5_32	29	8	2	95	0	0	122	56	217	2	17	2	122	0	0	0	0	122	217	0	0
3-medium	25000	25000	2013-04-18T20-47-49	zutphen.jpg	200	20	60	5	190	19	50	4	32	md5_64	31	6	4	87	0	0	125	59	212	3	16	4	125	0	0	0	0	125	212	0	0
3-medium	25000	25000	2013-04-18T20-47-49	zutphen.jpg	200	20	60	5	190	19	50	4	32	sha256	41	2	16	56	0	0	137	71	193	9	14	16	137	0	0	0	0	137	193	0	0
3-medium	25000	25000	2013-04-18T20-47-49	zutphen.jpg	200	20	60	5	190	19	50	4	64	crc32	26	6	2	89	5	2	125	58	214	3	16	2	126	3	2	4	3	130	214	7	7
3-medium	25000	25000	2013-04-18T20-47-49	zutphen.jpg	200	20	60	5	190	19	50	4	64	md5	21	2	8	58	0	0	137	70	195	6	14	8	137	0	0	0	0	137	195	0	0
3-medium	25000	25000	2013-04-18T20-47-49	zutphen.jpg	200	20	60	5	190	19	50	4	64	md5_16	7	8	1	207	58	28	0	0	207	2	17	1	16	0	0	42	72	58	207	150	150
3-medium	25000	25000	2013-04-18T20-47-49	zutphen.jpg	200	20	60	5	190	19	50	4	64	md5_32	30	6	2	80	0	0	132	62	212	3	16	2	132	0	0	0	0	132	212	0	0
3-medium	25000	25000	2013-04-18T20-47-49	zutphen.jpg	200	20	60	5	190	19	50	4	64	md5_64	33	4	4	73	0	0	131	64	204	5	15	4	131	0	0	0	0	131	204	0	0
3-medium	25000	25000	2013-04-18T20-47-49	zutphen.jpg	200	20	60	5	190	19	50	4	64	sha256	62	1	16	44	0	0	135	75	179	21	13	16	135	0	0	0	0	135	179	0	0
4-large	125000	125000	2013-04-18T20-47-49	zutphen.jpg	200	20	60	5	190	19	50	4	128	crc32	141	6	2	95	5	2	112	54	207	12	17	2	112	1	1	5	4	117	207	7	7
4-large	125000	125000	2013-04-18T20-47-49	zutphen.jpg	200	20	60	5	190	19	50	4	128	md5	53	2	8	45	0	0	129	74	174	48	15	8	129	0	0	0	0	129	174	0	0
4-large	125000	125000	2013-04-18T20-47-49	zutphen.jpg	200	20	60	5	190	19	50	4	128	md5_16	9	8	1	206	69	33	0	0	206	5	18	1	16	0	0	53	77	69	206	158	158
4-large	125000	125000	2013-04-18T20-47-49	zutphen.jpg	200	20	60	5	190	19	50	4	128	md5_32	149	6	2	85	1	1	114	57	199	13	17	2	115	0	0	0	0	115	199	2	2
4-large	125000	125000	2013-04-18T20-47-49	zutphen.jpg	200	20	60	5	190	19	50	4	128	md5_64	94	4	4	73	0	0	124	63	197	20	16	4	124	0	0	0	0	124	197	0	0
4-large	125000	125000	2013-04-18T20-47-49	zutphen.jpg	200	20	60	5	190	19	50	4	32	crc32	114	10	2	123	4	2	93	43	216	2	19	2	93	4	4	4	4	97	216	11	11
4-large	125000	125000	2013-04-18T20-47-49	zutphen.jpg	200	20	60	5	190	19	50	4	32	md5	123	6	8	85	0	0	113	57	198	11	17	8	113	0	0	0	0	113	198	0	0
4-large	125000	125000	2013-04-18T20-47-49	zutphen.jpg	200	20	60	5	190	19	50	4	32	md5_32	128	10	2	120	0	0	97	45	217	3	19	2	97	0	0	0	0	97	217	1	1
4-large	125000	125000	2013-04-18T20-47-49	zutphen.jpg	200	20	60	5	190	19	50	4	32	md5_64	143	8	4	111	0	0	101	48	212	5	18	4	101	0	0	0	0	101	212	0	0
4-large	125000	125000	2013-04-18T20-47-49	zutphen.jpg	200	20	60	5	190	19	50	4	32	sha256	145	4	16	69	0	0	124	64	193	25	16	16	124	0	0	0	0	124	193	0	0
4-large	125000	125000	2013-04-18T20-47-49	zutphen.jpg	200	20	60	5	190	19	50	4	64	crc32	125	8	2	113	5	2	101	47	214	5	18	2	102	3	3	4	4	106	214	7	7
4-large	125000	125000	2013-04-18T20-47-49	zutphen.jpg	200	20	60	5	190	19	50	4	64	md5	74	4	8	71	0	0	124	64	195	18	16	8	124	0	0	0	0	124	195	0	0
4-large	125000	125000	2013-04-18T20-47-49	zutphen.jpg	200	20	60	5	190	19	50	4	64	md5_16	8	10	1	207	60	29	0	0	207	4	19	1	16	0	0	44	73	60	207	150	150
4-large	125000	125000	2013-04-18T20-47-49	zutphen.jpg	200	20	60	5	190	19	50	4	64	md5_32	139	8	2	105	0	0	107	50	212	6	18	2	107	0	0	0	0	107	212	1	1
4-large	125000	125000	2013-04-18T20-47-49	zutphen.jpg	200	20	60	5	190	19	50	4	64	md5_64	154	6	4	91	0	0	113	55	204	13	17	4	113	0	0	0	0	113	204	0	0
4-large	125000	125000	2013-04-18T20-47-49	zutphen.jpg	200	20	60	5	190	19	50	4	64	sha256	111	2	16	50	0	0	129	72	179	77	15	16	129	0	0	0	0	129	179	0	0
5-xlarge	625000	625000	2013-04-18T20-47-49	zutphen.jpg	200	20	60	5	190	19	50	4	128	crc32	646	9	2	121	6	3	86	42	207	19	20	2	87	0	0	5	5	92	207	13	13
5-xlarge	625000	625000	2013-04-18T20-47-49	zutphen.jpg	200	20	60	5	190	19	50	4	128	md5	380	5	8	63	0	0	111	64	174	155	18	8	111	0	0	0	0	111	174	0	0
5-xlarge	625000	625000	2013-04-18T20-47-49	zutphen.jpg	200	20	60	5	190	19	50	4	128	md5_16	9	11	1	206	69	33	0	0	206	15	21	1	16	0	0	53	77	69	206	158	158
5-xlarge	625000	625000	2013-04-18T20-47-49	zutphen.jpg	200	20	60	5	190	19	50	4	128	md5_32	675	9	2	107	2	1	92	46	199	32	20	2	94	0	0	0	0	94	199	5	5
5-xlarge	625000	625000	2013-04-18T20-47-49	zutphen.jpg	200	20	60	5	190	19	50	4	128	md5_64	828	7	4	97	0	0	100	51	197	39	19	4	100	0	0	0	0	100	197	0	0
5-xlarge	625000	625000	2013-04-18T20-47-49	zutphen.jpg	200	20	60	5	190	19	50	4	32	crc32	500	13	2	153	7	3	63	29	216	2	22	2	65	1	1	5	7	70	216	18	18
5-xlarge	625000	625000	2013-04-18T20-47-49	zutphen.jpg	200	20	60	5	190	19	50	4	32	md5	571	9	8	104	0	0	94	47	198	29	20	8	94	0	0	0	0	94	198	0	0
5-xlarge	625000	625000	2013-04-18T20-47-49	zutphen.jpg	200	20	60	5	190	19	50	4	32	md5_32	565	13	2	144	0	0	73	34	217	3	22	2	73	0	0	0	0	73	217	6	6
5-xlarge	625000	625000	2013-04-18T20-47-49	zutphen.jpg	200	20	60	5	190	19	50	4	32	md5_64	655	11	4	126	0	0	86	41	212	16	21	4	86	0	0	0	0	86	212	0	0
5-xlarge	625000	625000	2013-04-18T20-47-49	zutphen.jpg	200	20	60	5	190	19	50	4	32	sha256	1050	7	16	93	0	0	100	52	193	49	19	16	100	0	0	0	0	100	193	0	0
5-xlarge	625000	625000	2013-04-18T20-47-49	zutphen.jpg	200	20	60	5	190	19	50	4	64	crc32	566	11	2	138	8	4	76	36	214	15	21	2	79	1	1	5	6	84	214	15	15
5-xlarge	625000	625000	2013-04-18T20-47-49	zutphen.jpg	200	20	60	5	190	19	50	4	64	md5	563	7	8	95	0	0	100	51	195	35	19	8	100	0	0	0	0	100	195	0	0
5-xlarge	625000	625000	2013-04-18T20-47-49	zutphen.jpg	200	20	60	5	190	19	50	4	64	md5_16	8	13	1	207	60	29	0	0	207	4	22	1	16	0	0	44	73	60	207	150	150
5-xlarge	625000	625000	2013-04-18T20-47-49	zutphen.jpg	200	20	60	5	190	19	50	4	64	md5_32	651	11	2	126	0	0	86	41	212	15	21	2	86	0	0	0	0	86	212	7	7
5-xlarge	625000	625000	2013-04-18T20-47-49	zutphen.jpg	200	20	60	5	190	19	50	4	64	md5_64	721	9	4	110	0	0	94	46	204	33	20	4	94	0	0	0	0	94	204	0	0
5-xlarge	625000	625000	2013-04-18T20-47-49	zutphen.jpg	200	20	60	5	190	19	50	4	64	sha256	792	5	16	68	0	0	111	62	179	240	18	16	111	0	0	0	0	111	179	0	0
6-xxlarge	3125000	3125000	2013-04-26T09-10-26	zutphen.jpg	200	20	60	5	190	19	50	4	128	crc32	2692	11	2	156	9	4	51	25	207	92	22	2	54	0	0	6	10	60	207	32	32
6-xxlarge	3125000	3125000	2013-04-26T09-10-26	zutphen.jpg	200	20	60	5	190	19	50	4	128	md5	1463	7	8	78	0	0	96	55	174	406	20	8	96	0	0	0	0	96	174	0	0
6-xxlarge	3125000	3125000	2013-04-26T09-10-26	zutphen.jpg	200	20	60	5	190	19	50	4	128	md5_16	8	13	1	206	69	33	0	0	206	63	23	1	16	0	0	53	77	69	206	158	158
6-xxlarge	3125000	3125000	2013-04-26T09-10-26	zutphen.jpg	200	20	60	5	190	19	50	4	128	md5_32	2991	11	2	142	7	4	57	29	199	32	22	2	59	0	0	5	8	64	199	22	22
6-xxlarge	3125000	3125000	2013-04-26T09-10-26	zutphen.jpg	200	20	60	5	190	19	50	4	128	md5_64	2659	9	4	109	0	0	88	45	197	105	21	4	88	0	0	0	0	88	197	0	0
6-xxlarge	3125000	3125000	2013-04-26T09-10-26	zutphen.jpg	200	20	60	5	190	19	50	4	32	crc32	1856	15	2	182	11	5	34	16	216	4	24	2	37	0	0	8	18	45	216	32	32
6-xxlarge	3125000	3125000	2013-04-26T09-10-26	zutphen.jpg	200	20	60	5	190	19	50	4	32	md5	2675	11	8	124	0	0	74	37	198	86	22	8	74	0	0	0	0	74	198	0	0
6-xxlarge	3125000	3125000	2013-04-26T09-10-26	zutphen.jpg	200	20	60	5	190	19	50	4	32	md5_32	2119	15	2	182	3	1	35	16	217	3	24	2	37	0	0	1	3	38	217	26	26
6-xxlarge	3125000	3125000	2013-04-26T09-10-26	zutphen.jpg	200	20	60	5	190	19	50	4	32	md5_64	2910	13	4	145	0	0	67	32	212	24	23	4	67	0	0	0	0	67	212	0	0
6-xxlarge	3125000	3125000	2013-04-26T09-10-26	zutphen.jpg	200	20	60	5	190	19	50	4	32	sha256	3857	9	16	105	0	0	88	46	193	131	21	16	88	0	0	0	0	88	193	0	0
6-xxlarge	3125000	3125000	2013-04-26T09-10-26	zutphen.jpg	200	20	60	5	190	19	50	4	64	crc32	2325	13	2	168	13	6	46	21	214	26	23	2	52	1	2	7	12	59	214	30	30
6-xxlarge	3125000	3125000	2013-04-26T09-10-26	zutphen.jpg	200	20	60	5	190	19	50	4	64	md5	2172	9	8	107	0	0	88	45	195	96	21	8	88	0	0	0	0	88	195	0	0
6-xxlarge	3125000	3125000	2013-04-26T09-10-26	zutphen.jpg	200	20	60	5	190	19	50	4	64	md5_16	7	15	1	207	60	29	0	0	207	4	24	1	16	0	0	44	73	60	207	150	150
6-xxlarge	3125000	3125000	2013-04-26T09-10-26	zutphen.jpg	200	20	60	5	190	19	50	4	64	md5_32	2734	13	2	163	3	1	49	23	212	22	23	2	52	0	0	0	0	52	212	26	26
6-xxlarge	3125000	3125000	2013-04-26T09-10-26	zutphen.jpg	200	20	60	5	190	19	50	4	64	md5_64	3266	11	4	130	0	0	74	36	204	93	22	4	74	0	0	0	0	74	204	0	0
6-xxlarge	3125000	3125000	2013-04-26T09-10-26	zutphen.jpg	200	20	60	5	190	19	50	4	64	sha256	2954	7	16	83	0	0	96	54	179	629	20	16	96	0	0	0	0	96	179	0	0
