md5 (128 bits) [blocksize = 2048 bytes] redundancy = 1 / 128
block                    2: checksumdiff=10011011 11101101 10010100 01110111 10011110 00001100 10000111 00001100 01000010 01010010 00100001 11000000 11001110 00011100 11100110 01011001
block                    6: checksumdiff=10000010 01000001 10010010 11000000 01001100 01011011 01111011 01101001 00101111 00001000 10111110 01101001 01110101 11111110 11111111 11100001
block                    7: checksumdiff=00000000 00000000 00110000 00000000 00000000 00000000 00000000 00000000 00000000 00000000 00000000 00000000 00000000 00000000 00000000 00000000
block                   16: checksumdiff=01101110 10110011 11100111 10110110 00010011 10011001 01110011 11110000 11001100 10001001 01110000 11001010 01011001 10101011 01001111 00001000
block                   17: checksumdiff=00000000 00000000 00000000 00000000 00000000 00000000 00000000 00000000 00000000 00000000 00000000 00000000 00000000 10000000 00000000 00000000
block                   19: checksumdiff=11111010 11010100 11011000 11011010 01101111 00011100 01010000 11100101 11111111 11011100 01000010 10011110 01010000 00001000 10010100 10111001
block                   22: checksumdiff=10000001 11100010 11100100 01101000 10110101 00100100 00100011 11010001 11101011 10100010 00110100 00000110 11010000 10001100 11100100 00001000
block                   39: checksumdiff=01001111 01000001 00110000 01001110 00100101 10001101 01011010 11010101 11001000 00111100 00010000 11111111 00100101 11000010 01011001 01100001
block                   42: checksumdiff=00000000 00001010 00000000 00000000 00000000 00000000 00000000 00000000 00000000 00000000 00000000 00000000 00000000 00000000 00000000 00000000
block                   49: checksumdiff=10110010 01010101 00111011 10010110 10011011 11010011 00011100 10001000 10111001 11010100 10110110 01101010 00110111 00010000 10100100 01100001
block                   58: checksumdiff=11010100 10111110 01100111 00011100 01110110 11010001 10000110 11000100 01011100 11100101 11111101 11001110 11010101 10000000 00110111 11000010
block                   62: checksumdiff=00000111 00101011 11100011 11111001 01001111 01000000 00101101 00001010 11111000 01101100 11000110 10111100 00001000 11011001 11011010 10000111
block                   67: checksumdiff=11101100 00000010 10100000 00110111 00100111 01111001 10101100 00101100 11111100 11100011 01011111 11001011 00111111 00111110 10011100 00000101
block                   68: checksumdiff=00100011 00001001 01011010 01001101 01010101 10111111 11011100 00011110 00111110 10001000 01111110 01010011 11011011 10011111 01101100 01010101
block                   72: checksumdiff=00100111 11110011 00110000 01011110 00100110 00011110 10110011 10010010 11011101 01010010 01000110 00110100 00010001 10110010 10011000 00011100
block                   75: checksumdiff=10101001 11011011 11101100 10011011 10001100 10101011 11000001 10100100 11000101 10110110 00100100 10010100 10001100 00000010 10011101 11100010
block                   79: checksumdiff=00000000 00000000 00000000 00000000 00000000 00000000 00000000 00000000 00000000 00000000 00000000 00000000 00000001 00000000 00000000 00000000
block                   80: checksumdiff=00101000 00001101 00110110 00010101 00001111 01100100 01101001 00100011 11010111 10010000 00010011 01100100 01001111 01111011 01000110 00001011
block                   86: checksumdiff=10111110 10011101 01000010 01000010 01010001 01001011 11000101 01010001 00001010 10101000 11000101 11101000 11100011 11010000 00001111 01100111
block                   88: checksumdiff=01111000 10001110 10001011 10110100 11101110 10111000 10111011 01011010 01110011 01101100 01001101 10001110 11001011 11011100 00011000 00110001
block                   91: checksumdiff=00000000 00000100 00000000 00000000 00000000 00000000 00000000 00000000 00000000 00000000 00000000 00000000 00000000 00000000 00000000 00000000
block                   96: checksumdiff=10110010 10110011 00001010 10011110 01110111 11101111 00001001 01011011 00010101 01110010 01010000 11000111 11100000 00100001 11001001 00110001
block                   97: checksumdiff=11100001 10101101 01100100 01100110 01111111 01100111 11101110 00000111 01001111 10011100 01001111 00100101 00001011 01111000 00110001 11100010
block                  104: checksumdiff=00000010 00000000 00000000 00000000 00000000 00000000 00000000 00000000 00000000 00000000 00000000 00000000 00000000 00000000 00000000 00000000
block                  106: checksumdiff=00000000 00000000 00000000 00000000 00000000 00000000 00000000 01000000 00000000 00000000 00000000 00000000 00000000 00001000 00000000 00000000
block                  117: checksumdiff=00000000 00000000 00011000 00000000 00000000 00000000 00000000 00000000 00000000 00000000 00000000 00000000 00000000 00000000 00000000 00000000
block                  135: checksumdiff=10111010 00100101 01010100 00010000 01100010 10010101 01001010 00011001 00001011 01001111 01101010 00011110 00111000 10011000 11100001 00010011
block                  141: checksumdiff=11101111 11000100 00110000 00110011 01111011 00101101 00110010 10010010 10100001 11010110 00001010 00110010 10100001 10011010 11110011 11001110
block                  143: checksumdiff=11001110 10101010 01101110 00111011 01100111 10111001 00110100 00110100 00100011 00000011 01001010 10011011 10111110 10010100 10101011 01110011
block                  148: checksumdiff=00000000 00000000 00000000 00000000 00000000 00000000 00000000 00000000 00000000 00000000 00000000 00000000 00000000 00010000 00000000 00000000
block                  151: checksumdiff=11000100 10010110 00111011 10110110 01001101 00110111 00001001 11101110 10110001 10001111 11001000 10010011 01011001 11111001 01111001 00001011
block                  153: checksumdiff=11110111 11010000 00010001 00101000 10100000 00000100 00111111 11010001 10110110 11100111 11111011 01111111 10011000 11001000 00111111 11010010
block                  154: checksumdiff=11101001 01001110 01011110 11101100 01100101 00111101 10000100 11001101 11101011 00101000 00101111 11111111 00011100 00101010 01110000 00001110
block                  155: checksumdiff=11001011 10000111 11000101 11000101 11001111 11101011 00110100 11110101 11001110 01110101 00100100 00001010 00101001 11101110 11101000 11011111
block                  157: checksumdiff=00000000 00000000 00000000 00000000 00000000 00000000 00000000 00000000 00000000 00000000 00010000 00000000 00000000 00000000 00000000 00000000
block                  159: checksumdiff=10100101 11000001 11001101 01011000 00110111 00110110 11111010 01101001 01110100 00000101 01010100 10000010 10101101 10101110 11101010 11110000
block                  160: checksumdiff=11101100 11001011 11110110 00011100 01110101 10001011 00001101 00001010 01001010 10010000 10101011 01010101 10101111 10100010 10000100 00000110
block                  163: checksumdiff=10101000 01110010 01110000 00111011 00010100 00101000 10011111 00000111 00111011 00010101 01101111 00111101 01101110 10100000 01101000 00011000
block                  168: checksumdiff=10001101 10110000 00011111 00101001 11110001 10010101 11000000 01110111 01110011 00111110 10000011 00100010 10100101 01110101 00101111 10100001
block                  171: checksumdiff=11000010 01001011 01101001 11111001 00000011 00100011 11100000 00110100 00111111 00000100 11000101 11010110 11101110 10111110 00001111 11011010
block                  180: checksumdiff=00010010 00011000 00011000 10110011 11111110 00010011 00110101 11111001 00111000 11011100 01011100 10000000 00011011 10011000 01110011 10110110
block                  181: checksumdiff=11000011 01001001 11101011 10001000 01101101 10100001 11001000 10110000 00000001 11000100 10100101 10010001 10110000 01010101 01110010 00011101
block                  185: checksumdiff=10001010 01101010 00110111 01101011 10011011 01001011 01101110 11001111 11010100 11010111 11001011 10101000 01101010 00010000 11000010 11000011
block                  191: checksumdiff=00100001 11111011 10000010 11100000 01000000 00000100 11011110 10111101 11101011 11011111 01011111 01000101 10001110 00110100 01000101 01011101
block                  200: checksumdiff=11100000 01011000 00000000 01101001 11111101 11101001 01110111 00010010 11010001 11001001 11100000 01101011 00100111 00111111 01100101 01101011
block                  207: checksumdiff=11001111 00101000 00100010 11010010 00011001 01110010 00100100 00100011 01110100 00011110 00100110 01110111 00100111 11111111 00001110 01000100
block                  208: checksumdiff=00000000 00000000 00000000 00000000 00000000 00000000 00000000 00000000 00000000 00000000 00000000 00000000 00000000 00000000 00000001 00000000
block                  213: checksumdiff=00011100 00011111 11010101 10101101 00100000 00111110 01101110 01010001 11100001 01011000 01000100 11011010 01001000 00111110 11011100 00100101
block                  218: checksumdiff=11001001 01110110 01000001 10011101 01001110 00001000 00000111 01110111 01111111 01000100 10010110 11010010 11011000 00101110 01011100 00000000
block                  219: checksumdiff=10100100 01001111 00111001 00000000 01000110 10101000 11111110 10111011 11011111 10001111 00001101 01010010 10110011 10010001 01101110 10110010
block                  222: checksumdiff=00000000 00000000 00000000 00000000 00000000 00000000 00000000 00000000 00000000 00000000 00100000 00000000 00000000 00000000 00000000 00000000
block                  234: checksumdiff=10001101 00011010 01110000 01000001 10000010 01110010 10011110 11010001 00010111 11110111 00001011 10011000 10111011 10000000 11110110 01000000
block                  235: checksumdiff=00000000 00000000 00000000 00000000 00000000 00000000 00000000 00000000 00000000 00000000 00001000 00000000 00000000 00000000 00000000 00000000
block                  253: checksumdiff=00000000 01100000 00000000 00000000 00000000 00000000 00000000 00000000 00000000 00000000 00000000 00000000 00000000 00000000 00000000 00000000
block                  256: checksumdiff=00000000 00000000 00000000 00000000 00000000 00000000 00000000 00000000 00000000 00000000 00000000 00000000 00000000 00000000 00000000 11000000
block                  259: checksumdiff=01111111 11001000 10011010 00110111 01000111 00110011 00101100 01100100 00101101 00101000 00001111 01000010 01100001 10101110 00101000 11011101
block                  260: checksumdiff=11100011 11111010 10011101 01111111 10100111 01101010 10100101 01001101 00111110 00001110 00000111 11011101 00111001 10001101 11110101 01110011
block                  261: checksumdiff=10110111 10110011 01111010 01000000 11101110 00110010 11101100 10100111 01110000 10110011 01011111 10000111 11100000 11010010 01011111 11100010
block                  263: checksumdiff=11000010 00100000 00000011 01011001 01100111 11010101 01000001 11000010 11100011 10000101 10110010 01100011 11010000 01001100 01000101 01000110
block                  264: checksumdiff=00110001 11101000 11011101 00111011 11010101 10010001 10101000 10110001 00011100 00111101 10011111 01000000 11011101 10011001 11011011 11000100
block                  268: checksumdiff=10101110 00101011 01101100 00010001 00110011 00100000 10111010 11011110 10101100 11001111 01100010 00101101 00101010 00101101 01110110 11100010
block                  270: checksumdiff=01000101 11010110 01110001 10111011 00010110 10100100 00000000 11010101 11011111 10011111 10110011 11011000 10101011 10101001 01111000 00011001
block                  271: checksumdiff=10101111 01010110 10010010 01001010 10010010 00010101 00101010 00100100 10111001 11110000 10111001 01110001 10110110 10010000 10000000 00011101
block                  272: checksumdiff=00000000 00000000 00000000 00000000 00000000 00000000 00000000 00000000 00000000 00000000 00000000 00000000 00000000 00000000 00011100 00000000
block                  289: checksumdiff=00000000 00000000 00000000 00000000 00000001 00000000 00000000 00000000 00000000 00000000 00000000 00000000 00000000 00000000 00000000 00000000
block                  290: checksumdiff=01110000 00111100 01101011 10010001 10001111 00010110 10000101 10111001 00010000 00000110 01000111 01111010 10010010 00101010 00110100 00011100
block                  293: checksumdiff=00111011 01110011 11100110 00100110 11011101 11111011 01110111 11110101 01100001 11100000 00001111 11010111 00100101 00000110 11101011 01100000
block                  294: checksumdiff=00000000 00000000 00000000 00000000 00000000 00000000 00000000 00000000 00000000 00000000 00000000 00000000 00000000 01010000 00000000 00000000
block                  297: checksumdiff=00000000 00000000 00000000 00000001 10000000 00000000 00000000 00000000 00000000 00000000 00000000 00000000 00000000 00000000 00000000 00000000
block                  298: checksumdiff=10010010 11011101 01010011 01010101 00000000 00001010 10100111 10001001 01110011 00111101 00011001 01001000 10011101 10110000 01001001 00011110
block                  301: checksumdiff=11010100 11110011 10111100 10110000 01100011 01110100 10011100 11001010 11101100 01011111 11011111 01100010 10000110 11111000 11110010 11010111
block                  306: checksumdiff=11001000 01100010 11000111 11110101 01001110 00101000 10001100 11100010 01111100 00100011 00110010 10111101 00000000 10101101 11000111 01101000
block                  317: checksumdiff=01110101 10111110 11000101 10010101 00001010 01100000 00011000 11100010 10101100 01000000 01101000 11001001 11111000 01001101 01000011 01110101
block                  320: checksumdiff=00000000 00000000 00000000 00000001 00000000 00000000 00000000 00000000 00000000 00000000 00000000 00000000 00000000 00000000 00000000 00000000
block                  327: checksumdiff=01101000 11101101 11100110 01101011 10110010 11010011 11101101 11110111 01100001 10101110 00111000 11011100 00011110 00001111 11101100 00111110
block                  331: checksumdiff=10011111 11111101 00000001 10101010 11100111 01001110 01001110 11101100 01010000 10011101 10001011 01010100 01100000 10111001 00101001 11111000
block                  332: checksumdiff=01011111 00110000 00011010 00101100 00100100 00001110 10011001 01010100 01010110 11101101 01101100 11100011 11010110 00010101 11000101 10000101
block                  351: checksumdiff=01000011 11001000 10110011 00010001 11100111 10110010 11110100 00001111 11000010 11110110 01010001 11001100 11000111 01010010 01110111 01111011
block                  361: checksumdiff=01000100 11000100 10110111 00000001 10111100 01001111 11011101 11111001 00010001 01001000 10110111 00010110 11110000 10001111 11110101 11010010
block                  363: checksumdiff=10010011 01110011 00111111 00110101 11101110 11101111 11001101 11101110 01111110 00000000 11110010 11001111 01100011 00110011 11010001 11011000
block                  370: checksumdiff=01011100 01100100 01011001 11011011 10000001 10110011 10010101 10100011 01001010 01100111 01010010 10111100 00000011 10001111 10110010 10110110
block                  371: checksumdiff=10011000 11100001 01010100 00101100 11000101 11001001 10000011 10100100 01011000 10000100 01000000 01111000 10100010 01100010 01001111 00111011
block                  375: checksumdiff=00000000 00000000 00000000 00000000 00000000 01100000 00000000 00000000 00000000 00000000 00000000 00000000 00000000 00000000 00000000 00000000
block                  377: checksumdiff=11110110 10011101 01110010 00110000 11100110 01001011 00010010 10001101 01001011 11110001 10110101 10101010 00110000 10110111 11100000 10111011
block                  382: checksumdiff=10110010 01010001 01011111 00100011 11110100 10000101 10000110 11010101 10010011 10000011 11001001 01011001 11110000 10010110 10110110 00101000
block                  391: checksumdiff=00101010 01001000 00010100 10101000 10100101 10100010 10100011 11101011 11111110 01100111 01010000 11010011 10000100 11110011 11010010 01100101
block                  393: checksumdiff=00000000 00000000 00000000 00000000 01000000 00000000 00000000 00000000 00000000 00000000 00000000 00000000 00000000 00000000 00000000 00000000
block                  399: checksumdiff=11011011 11000101 01100000 01001111 10110111 01000000 00000000 01100011 01100011 01110100 01001010 10011110 00011000 11011100 00011110 10101010
block                  403: checksumdiff=00001001 00111110 11010011 01100000 01110100 01100001 10001110 01011010 01000110 10010010 00000010 11010011 00111010 00101100 10010010 11010010
block                  404: checksumdiff=10000110 11110001 11101000 11101001 11101000 01100000 11011101 00011101 00101101 11110001 10101100 01010010 10011011 11111111 11000110 10100111
block                  410: checksumdiff=00000000 00000000 00000000 00000000 00000000 10000000 00000000 00000000 00000000 00000000 00000000 00000000 00000000 00000000 00000000 00000000
block                  414: checksumdiff=11110111 00111010 11101000 11100011 01101000 11001011 10000110 10111001 11110111 10000111 10110110 00000110 10100001 00010001 11010001 10110010
block                  418: checksumdiff=10100101 10100010 11010100 00100100 01110001 00010111 01011011 10111111 00100101 01100110 10100111 01110001 00110010 11110000 11010100 11000001
block                  422: checksumdiff=00000000 00000111 00000000 00000000 00000000 00000000 00000000 00000000 00000000 00000000 00000000 00000000 00000000 00000000 00000000 00000000
block                  423: checksumdiff=10010001 10001100 00110110 00010111 00111000 01111000 00010111 00100000 00111111 10010000 01001111 01000011 10001111 00110010 11110001 11001101
block                  424: checksumdiff=10010000 00000000 00000000 00000000 00000000 00000000 00000000 00000000 00000000 00000000 00000000 00000000 00000000 00000000 00000000 00000000
block                  431: checksumdiff=00000000 00000000 00000000 00000000 00000000 00000000 00000000 00000000 00000000 00000000 00000000 00000000 00000000 00000000 00000110 00000000
block                  432: checksumdiff=10111100 10100101 00001011 10010000 01001111 11000011 11101010 11010010 10000001 10110111 11001111 01100001 01010111 00110001 10110010 11111011
block                  436: checksumdiff=10100010 11111011 00010111 00111110 10101110 00111110 11110110 11001011 10000010 10010001 01010110 10000000 01111011 11110100 01110100 01001111
block                  438: checksumdiff=00000000 00000000 00000000 00000000 00000000 00000000 00000000 00000000 00000000 00000000 00000000 00000000 00011000 00000000 00000000 00000000
block                  439: checksumdiff=11010001 10011011 01110010 11011011 10000000 10000011 00001011 10000111 00010101 10011100 01001000 10110110 11100100 01010101 10001101 11100110
block                  441: checksumdiff=00000000 00000000 00000000 00000001 00000000 00000000 00000000 00000000 00000000 00000000 00000000 00000000 00000000 00000000 00000000 00000000
block                  443: checksumdiff=01111000 01111000 10100010 00000010 00001001 10000000 10010110 00000101 11010000 11010110 10011000 00000111 01000000 10001000 11011100 10001101
block                  449: checksumdiff=00000000 00000000 00000000 00000000 00001010 00000000 00010000 00000000 00000000 00000000 00000000 00000000 00000000 00000000 00000000 00000000
