md5 (128 bits) [blocksize = 2048 bytes] redundancy = 1 / 128
block                    2: checksumdiff=10010011 11110011 00001100 10011011 10010011 00010011 10000000 10000101 11001000 10011010 10110110 01100010 01101111 00111101 11100101 11111001
block                    4: checksumdiff=11111000 11100110 11011101 00110101 01111010 10011011 11101010 01011111 01111010 01000100 10011100 11011101 01000101 00011101 11111000 10000000
block                   17: checksumdiff=00000000 00000000 00000000 00000000 00000000 00000000 00000000 00000000 00000000 00000000 00000000 00000000 00000000 10000000 00000000 00000000
block                   19: checksumdiff=00110011 00010001 10101011 01001011 01001110 10001001 01110101 11110111 11010101 00001110 11011011 00001101 00011100 10111000 10001001 10110101
block                   27: checksumdiff=01100101 11111111 00011110 10110000 01011100 11010000 01110111 01100001 01001001 11011101 01101001 10011100 01010111 10110110 01110110 11110001
block                   35: checksumdiff=11001111 11001011 00110111 00101010 01011000 10000011 11010101 11110001 10110101 01111011 01010100 00000010 00101111 00000000 00000111 11111101
block                   37: checksumdiff=01101000 11111010 11000100 01100110 01101000 11001101 11000110 00011011 00101000 11101101 11001010 01010101 01010011 00011000 11010011 01101110
block                   40: checksumdiff=01100100 11000011 01110000 01000101 00100100 11101110 00010010 00010110 00000100 10001001 01000100 00110000 00100010 11010101 00111000 00111010
block                   42: checksumdiff=00000000 11100011 11101110 10011001 10100111 10111001 01111010 01111000 01101111 11101100 10111100 01101010 11100001 00001001 01110101 00100010
block                   43: checksumdiff=00110101 11110110 11011011 10001000 01110001 01101001 10101011 10001101 01100000 01010011 10101101 11001011 10101100 01110100 00100110 00100111
block                   48: checksumdiff=01110000 10110011 11001010 10001000 11001000 11001111 01011110 01000011 01011010 10000000 11111011 00101011 10111011 10100010 01110110 00111000
block                   55: checksumdiff=01010101 11100111 01011101 01011111 00010011 00010010 11000110 00010000 11111110 00100010 01110000 11101001 11000110 00111011 10010110 00100010
block                   56: checksumdiff=01100110 01000010 00101001 01011011 11001101 00010001 11100101 10111000 11011000 10110011 10010010 00001001 11100101 11000000 11101100 10110111
block                   61: checksumdiff=11111100 00100100 10101001 00111010 00110011 01000010 10111100 11000110 01100001 01001011 11011101 11111001 11101110 10011111 10001011 10010101
block                   70: checksumdiff=11011011 10000110 10100010 10001100 10101110 11110011 00110001 00100101 10100100 11000010 01011011 00000011 10000000 11001001 11101111 10011110
block                   75: checksumdiff=10000011 10001001 10101111 00101110 10001110 11111111 00101011 01110111 01101110 11110001 11010011 11010010 01110001 11010010 00001001 01101100
block                   79: checksumdiff=00000000 00000000 00000000 00000000 00000000 00000000 00000000 00000000 00000000 00000000 00000000 00000000 00000001 00000000 00000000 00000000
block                   85: checksumdiff=01000011 01101011 10010100 10001011 10110000 11000001 00101000 11100010 01011011 00011100 11000010 00001010 10011010 00001001 11110001 00101101
block                   86: checksumdiff=00111111 10101001 10111110 10001110 11101000 10001111 10111110 01100000 10010100 10010001 11110111 11101001 10110000 10011100 10011001 01100101
block                   93: checksumdiff=10011100 10011010 11010010 00001001 10011010 11000100 11101010 01010001 00110011 11001101 01000110 01010100 00101100 10111010 10001010 11010110
block                   94: checksumdiff=00110111 01011111 10010110 10000001 00110010 01011101 01011011 00001111 11100010 10010000 00100101 00111110 00001011 11011010 10010001 01100100
block                   95: checksumdiff=11111111 01011011 10110101 10011010 10100000 11000000 00101101 10110100 01110000 10001100 11010001 10100000 10011111 10010000 00111100 00101001
block                  102: checksumdiff=11010010 01110001 11000111 11010001 11101111 01001101 11010001 10011011 01110101 11111000 01011110 11000000 10100000 01011111 00110000 01001000
block                  104: checksumdiff=00000010 00000000 00000000 00000000 00000000 00000000 00000000 00000000 00000000 00000000 00000000 00000000 00000000 00000000 00000000 00000000
block                  106: checksumdiff=00000000 00000000 00000000 00000000 00000000 00000000 00000000 01000000 00000000 00000000 00000000 00000000 00000000 00001000 00000000 00000000
block                  112: checksumdiff=11101110 01111011 10010111 10000000 01000101 11010111 10111101 10011000 11101010 01100000 10100110 00001010 00111101 11101011 00111001 01001111
block                  114: checksumdiff=00000011 10001111 10110011 11110010 01110010 01110110 11010011 00101100 00101101 11100100 00110110 11101101 11010110 10000001 11001100 00101001
block                  122: checksumdiff=01111111 01011100 00100110 11010000 01100000 11010100 01101011 00110011 11100010 01001010 11010101 00101110 11100110 00010110 00101000 11101010
block                  126: checksumdiff=01000001 10011100 10100010 10000101 11111101 11111100 00001000 00111110 11011000 01101101 10001010 00110001 00000110 00101111 10010001 11000011
block                  134: checksumdiff=01011010 11000001 11101111 11111100 11011100 11110011 11100111 01101001 11100010 10000111 11010101 11101010 11101101 01101100 00111101 00001111
block                  136: checksumdiff=11111100 00000100 11111001 01001000 10010001 10000001 00100011 10101111 00010011 11011001 01111000 10010110 10010110 01010001 11101111 00100010
block                  141: checksumdiff=00000110 10011000 01000111 01100010 10000010 01111110 10111000 01101101 10011111 01000010 10111011 01111001 10001010 10000011 11011001 10010101
block                  150: checksumdiff=11010000 10100010 00101101 00111111 10101100 01001010 01000111 01011000 10001100 00000000 01001110 10110010 00011001 11111100 01110100 00001010
block                  152: checksumdiff=10101100 11110001 00100100 01010010 01111011 01101101 10011100 01010011 00111111 11011100 01010000 10111010 01010110 10001001 01101010 11001001
block                  153: checksumdiff=11110010 10100111 00111100 11001100 11011110 00110111 10111100 00100100 10001000 11000001 10111111 00001010 11011011 00001001 11110111 10001111
block                  157: checksumdiff=00000000 00000000 00000000 00000000 00000000 00000000 00000000 00000000 00000000 00000000 00010000 00000000 00000000 00000000 00000000 00000000
block                  159: checksumdiff=11100000 00010100 01111010 10000001 01101001 10100011 01100011 01000100 00011010 11110110 00011000 10011011 01000100 11011111 00101111 01111100
block                  162: checksumdiff=11000011 01001101 00000111 11100010 00110110 00111101 11010110 11100001 11011101 01010111 01011110 01100000 10001111 10011011 11011110 11000111
block                  166: checksumdiff=00011001 01000011 10101010 10001000 00110111 01101101 01100100 11111010 10011000 01101111 01111011 10011111 00001111 10011001 10001100 11000000
block                  188: checksumdiff=11101011 11111100 11111110 01111001 01100001 10111000 11110011 00011101 00110101 00101011 11111101 00101000 00100110 01100001 10010011 11100110
block                  197: checksumdiff=11100110 10001100 11101011 00001111 00111001 00011101 10001001 00111011 00000000 11001010 01101101 01011010 01110101 00111101 00010001 11011111
block                  198: checksumdiff=11111011 11010100 10100110 11010111 10100111 00010010 10110001 01111010 01111000 11000010 10101011 10100111 10001111 10100100 00001111 01111111
block                  210: checksumdiff=10011100 11110000 01110101 10001011 10101110 10101000 00001101 01001110 01000101 01111111 11000110 11100110 11000100 10011110 11100011 00001000
block                  220: checksumdiff=11111000 11011000 10100111 11011111 10100100 10100101 01011000 01010110 00110111 10011010 01010010 01011101 11100011 01101010 10100001 00101110
block                  221: checksumdiff=00001101 11001011 00100100 11001110 10110011 01000101 00011001 01010110 10011010 10001101 10100001 00010111 00000000 10011101 00110100 00001110
block                  222: checksumdiff=00000000 00000000 00000000 00000000 00000000 00000000 00000000 00000000 00000000 00000000 00100000 00000000 00000000 00000000 00000000 00000000
block                  229: checksumdiff=00000101 01001000 01110000 00010001 00110101 00001001 10110001 11111001 11110000 00101001 01100010 01010111 11011001 11010001 01101101 00000101
block                  234: checksumdiff=00111100 11011010 00001100 00001100 01000100 01100001 10000001 11101011 10111110 10110011 11110010 10110110 10010001 01111101 11100011 01000011
block                  235: checksumdiff=00000000 00000000 00000000 00000000 00000000 00000000 00000000 00000000 00000000 00000000 00001000 00000000 00000000 00000000 00000000 00000000
block                  237: checksumdiff=11100100 01010011 00001011 10110011 10011000 00110111 10101101 01101000 10111101 01001101 01111011 01101111 00101101 00101011 10000010 00111110
block                  243: checksumdiff=11101010 00100101 00111100 01100001 11011100 00011011 01011011 01010001 00110110 11100100 01011011 01011011 00010000 11011011 00011110 00111101
block                  244: checksumdiff=10111111 11001011 11000001 00000110 01001011 11010100 10011011 00010001 01000000 11101000 10010110 00000000 00001110 00111110 11111100 11111010
block                  253: checksumdiff=00000000 01100000 00000000 00000000 00000000 00000000 00000000 00000000 00000000 00000000 00000000 00000000 00000000 00000000 00000000 00000000
block                  258: checksumdiff=10010010 10010110 10100010 11111001 00000011 11000100 10001001 01110001 00001010 01001001 01100011 01010101 00010000 00110000 11000010 00111110
block                  261: checksumdiff=10111111 10010001 00111101 11010101 11011100 00010001 01110000 10010101 00010101 11111010 10001011 10100101 11101000 01011000 00001100 00000100
block                  267: checksumdiff=00111000 01100001 11100111 00110111 00010001 00001100 01101000 11010000 01010101 11011110 00100001 01001011 00110110 01011011 00010100 10100011
block                  286: checksumdiff=10110010 10010011 00100010 11111101 00001100 00011100 01100001 10100000 10010110 01001011 10011111 01011100 01011111 01001110 10110000 10010100
block                  297: checksumdiff=00000000 00000000 00000000 00000001 10000000 00000000 00000000 00000000 00000000 00000000 00000000 00000000 00000000 00000000 00000000 00000000
block                  306: checksumdiff=00111001 10101101 01010001 01111100 00011110 00000101 01010111 10110011 11101111 00001101 01010011 10101000 11111011 01100001 00111100 10111110
block                  308: checksumdiff=11100000 11111000 00111101 11110111 10000111 11010010 10101110 00110100 11010110 10111111 00110000 11111111 00101010 01011001 01100111 11110100
block                  310: checksumdiff=11110011 01110000 01101010 11000010 11111010 10010010 11111101 11101100 11001101 10101101 01010010 11100001 11010000 11110011 10010111 10111000
block                  315: checksumdiff=01100000 11101010 01111101 11110100 11101000 10100111 01101000 10010100 00001011 10001111 01100111 11111111 10111011 10001011 01000100 10001100
block                  319: checksumdiff=10000000 01111000 00111111 10000110 11110101 10110001 01001001 11101000 00010001 10000111 10010001 11001010 00001001 10001011 01101110 00110011
block                  320: checksumdiff=10110101 10100111 10010010 11001011 01001101 10000000 11000100 11111010 00010100 10011111 11110000 11000101 01000110 00011111 10010110 01100010
block                  322: checksumdiff=10111011 11001110 10001001 11100101 11011100 01011110 10111110 01011111 01001100 11010101 01110101 11111101 01110110 00011100 00101111 01101011
block                  328: checksumdiff=01000110 10111111 10101000 10011111 10010111 11010101 01101100 10010100 11101001 10100110 10011110 01000100 10011101 10000010 01111100 11011001
block                  331: checksumdiff=10011110 10010000 10111001 00001101 00111001 00100101 10000010 11001011 00100010 11000101 10101011 10001001 10011100 01110000 00011001 10001100
block                  334: checksumdiff=11100100 00100011 10101110 10110010 10010111 10101110 01101111 10000010 01000001 11111110 11001001 11100011 10110011 01101100 01001001 00100000
block                  338: checksumdiff=10010010 01000100 01000000 10010000 11000100 10000110 11101100 00101111 10001110 10000001 01000011 10101101 01111010 00001000 10011001 10111111
block                  364: checksumdiff=01101000 11000011 01000110 01101101 11001010 10101100 00110100 00100101 11111010 10110011 01010010 00011000 01101100 00111111 00010011 01000101
block                  368: checksumdiff=10111010 00110010 00010110 11110001 00111001 01000001 00000001 11001000 00010110 11111010 01000100 11000100 10111011 10110001 00001100 00101010
block                  369: checksumdiff=00001111 01110110 00100111 10010001 00100001 11011010 01111110 01001110 10111101 01001100 11011110 00100111 01011001 10100110 11011111 01101101
block                  370: checksumdiff=00110101 11110101 00001000 11100011 10001100 11001110 11100001 01100001 10111101 11011100 10101001 01000001 10101010 11000100 11000001 10110010
block                  371: checksumdiff=00000000 00000000 00000000 00000000 00000000 00000000 00010000 00000000 00000000 00000000 00000000 00000000 00000000 00000000 00000000 00000000
block                  375: checksumdiff=00000000 00000000 00000000 00000000 00000000 01100000 00000000 00000000 00000000 00000000 00000000 00000000 00000000 00000000 00000000 00000000
block                  381: checksumdiff=11000111 01001111 01100011 01010010 11111111 10011000 00000110 10011110 10110101 10000010 11001010 00111111 11111110 11110100 01011111 00011100
block                  390: checksumdiff=10000001 11110111 10010011 10100011 11110111 10100111 00010011 01110110 10010101 01010011 11011111 11100111 00000100 10000000 01111010 11001101
block                  393: checksumdiff=00111111 01111011 01110010 00001100 01110010 10111100 00101110 11101000 00010010 00101100 11001001 11010011 00100000 00100010 11000001 10011100
block                  410: checksumdiff=00000000 00000000 00000000 00000000 00000000 10000000 00000000 00000000 00000000 00000000 00000000 00000000 00000000 00000000 00000000 00000000
block                  416: checksumdiff=11110011 00100110 10101111 11011001 10000111 10110001 11011000 00110111 00011111 00100100 10001101 11101111 11101111 11010100 11100111 01111111
block                  417: checksumdiff=00110001 00000110 11000001 00000100 11100111 10111111 11101000 00000010 10010011 11000010 10110100 11101101 01110011 01001011 10100011 00101101
block                  418: checksumdiff=01010000 10110100 10100101 00001100 10110010 11000001 10111100 01101000 00101000 01001010 10110000 01001111 01010011 10001010 01001110 01001011
block                  419: checksumdiff=00001110 11110101 11100111 11010000 00110011 10000110 10111101 00010001 01111001 01001100 01010100 01011010 00110111 01000001 01001000 01010101
block                  422: checksumdiff=00000000 00000111 00000000 00000000 00000000 00000000 00000000 00000000 00000000 00000000 00000000 00000000 00000000 00000000 00000000 00000000
block                  424: checksumdiff=10010000 00000000 00000000 00000000 00000000 00000000 00000000 00000000 00000000 00000000 00000000 00000000 00000000 00000000 00000000 00000000
block                  425: checksumdiff=01100110 11110011 01010010 11000101 11001011 00111111 01110001 10001101 01000001 11001100 00100000 10100100 01001101 11001101 00100111 00100101
block                  428: checksumdiff=01000000 00001011 11010011 10011011 10001110 11110101 11001101 00100000 01010110 10010011 00001101 01001011 00101111 10111101 11011110 10000100
block                  431: checksumdiff=00000000 00000000 00000000 00000000 00000000 00000000 00000000 00000000 00000000 00000000 00000000 00000000 00000000 00000000 00000110 00000000
block                  439: checksumdiff=01100010 11000101 10010001 01111000 11010100 00001100 01110011 01101100 10111111 11000111 10010010 10010101 00100101 11000110 10011100 11111001
block                  442: checksumdiff=01001000 11001110 10111000 01110010 00001111 10000100 01110101 10110110 00100011 10101000 11000000 00011110 01101011 01100011 00100101 00010110
block                  446: checksumdiff=00010101 10100000 11100111 11100110 00111010 11000010 10100111 10110101 01000111 01100000 10011111 10001011 10011011 10101010 01001100 11111100
block                  449: checksumdiff=00000000 00000000 00000000 00000000 00000000 00000000 00010000 00000000 00000000 00000000 00000000 00000000 00000000 00000000 00000000 00000000
